Transmission Rate on Stringency Index with Country specific Time Trends

"""
                            OLS Regression Results                            
==============================================================================
Dep. Variable:           transmission   R-squared:                       0.290
Model:                            OLS   Adj. R-squared:                  0.275
Method:                 Least Squares   F-statistic:                     64.56
Date:                Sat, 11 Jul 2020   Prob (F-statistic):               0.00
Time:                        15:11:05   Log-Likelihood:                -4464.2
No. Observations:               15984   AIC:                             9576.
Df Residuals:                   15660   BIC:                         1.206e+04
Df Model:                         324                                         
Covariance Type:                  HC3                                         
==============================================================================================
                                 coef    std err          z      P>|z|      [0.025      0.975]
----------------------------------------------------------------------------------------------
stringency_index_5d_lag       -0.0057      0.000    -14.750      0.000      -0.006      -0.005
Albania                        0.6539      0.039     16.613      0.000       0.577       0.731
Algeria                        0.7870      0.068     11.615      0.000       0.654       0.920
Andorra                        0.3932      0.037     10.701      0.000       0.321       0.465
Angola                         0.5610      0.049     11.497      0.000       0.465       0.657
Argentina                      0.8350      0.072     11.610      0.000       0.694       0.976
Austria                        0.8977      0.074     12.062      0.000       0.752       1.044
Azerbaijan                     0.7302      0.068     10.746      0.000       0.597       0.863
Bahrain                        0.4974      0.060      8.289      0.000       0.380       0.615
Bangladesh                     1.2909      0.177      7.278      0.000       0.943       1.638
Barbados                       0.5556      0.044     12.678      0.000       0.470       0.642
Belarus                        0.5895      0.112      5.286      0.000       0.371       0.808
Belgium                        0.8940      0.060     14.988      0.000       0.777       1.011
Belize                         0.3088      0.027     11.486      0.000       0.256       0.361
Benin                          0.6856      0.093      7.334      0.000       0.502       0.869
Bhutan                         0.7976      0.156      5.099      0.000       0.491       1.104
Bolivia                        0.8121      0.054     14.974      0.000       0.706       0.918
Bosnia and Herzegovina         0.8311      0.072     11.491      0.000       0.689       0.973
Botswana                       0.5456      0.075      7.233      0.000       0.398       0.693
Brazil                         1.0098      0.114      8.839      0.000       0.786       1.234
Brunei                         0.3286      0.023     14.024      0.000       0.283       0.374
Bulgaria                       0.6021      0.040     15.097      0.000       0.524       0.680
Burkina Faso                   0.6557      0.046     14.141      0.000       0.565       0.747
Burma                          0.6234      0.065      9.600      0.000       0.496       0.751
Burundi                        0.3694      0.210      1.759      0.079      -0.042       0.781
Cabo Verde                     1.0050      0.439      2.287      0.022       0.144       1.866
Cambodia                       0.3491      0.045      7.803      0.000       0.261       0.437
Cameroon                       0.6979      0.093      7.536      0.000       0.516       0.879
Central African Republic       0.8550      0.306      2.792      0.005       0.255       1.455
Chad                           0.7554      0.116      6.500      0.000       0.528       0.983
Chile                          0.6752      0.109      6.192      0.000       0.461       0.889
Colombia                       0.7264      0.064     11.318      0.000       0.601       0.852
Congo (Brazzaville)            0.7777      0.090      8.659      0.000       0.602       0.954
Congo (Kinshasa)               0.6050      0.041     14.619      0.000       0.524       0.686
Costa Rica                     0.5684      0.046     12.275      0.000       0.478       0.659
Cote d'Ivoire                  0.6615      0.056     11.806      0.000       0.552       0.771
Croatia                        0.6074      0.088      6.932      0.000       0.436       0.779
Cuba                           0.5868      0.047     12.468      0.000       0.495       0.679
Cyprus                         0.6887      0.044     15.676      0.000       0.603       0.775
Czechia                        0.8904      0.084     10.540      0.000       0.725       1.056
Denmark                        0.7040      0.211      3.331      0.001       0.290       1.118
Djibouti                       1.0870      0.097     11.167      0.000       0.896       1.278
Dominica                       0.4052      0.090      4.526      0.000       0.230       0.581
Dominican Republic             1.4105      0.264      5.339      0.000       0.893       1.928
Ecuador                        1.4324      0.320      4.474      0.000       0.805       2.060
Egypt                          0.6379      0.071      8.929      0.000       0.498       0.778
El Salvador                    0.6987      0.040     17.527      0.000       0.621       0.777
Eritrea                        0.5183      0.040     12.995      0.000       0.440       0.597
Estonia                        0.6826      0.089      7.678      0.000       0.508       0.857
Eswatini                       0.7290      0.081      8.952      0.000       0.569       0.889
Ethiopia                       0.5399      0.041     13.173      0.000       0.460       0.620
Fiji                           0.8191      0.204      4.007      0.000       0.418       1.220
Finland                        0.9874      0.224      4.418      0.000       0.549       1.425
France                         1.1759      0.359      3.271      0.001       0.471       1.881
Gabon                          0.6756      0.061     11.050      0.000       0.556       0.795
Gambia                         0.3860      0.051      7.558      0.000       0.286       0.486
Georgia                        0.7060      0.050     14.181      0.000       0.608       0.804
Germany                        0.5575      0.088      6.300      0.000       0.384       0.731
Ghana                          0.7735      0.136      5.698      0.000       0.507       1.040
Greece                         0.6817      0.064     10.606      0.000       0.556       0.808
Guatemala                      0.7479      0.048     15.497      0.000       0.653       0.843
Guinea                         0.7461      0.043     17.289      0.000       0.662       0.831
Guyana                         0.5355      0.050     10.725      0.000       0.438       0.633
Haiti                          0.6301      0.043     14.647      0.000       0.546       0.714
Honduras                       0.8535      0.074     11.537      0.000       0.709       0.999
Hungary                        0.7506      0.041     18.211      0.000       0.670       0.831
Iceland                        0.3951      0.045      8.855      0.000       0.308       0.483
India                          0.9391      0.081     11.533      0.000       0.780       1.099
Indonesia                      0.6076      0.051     11.974      0.000       0.508       0.707
Iran                           1.0649      0.304      3.499      0.000       0.468       1.661
Iraq                           0.6287      0.046     13.626      0.000       0.538       0.719
Ireland                        0.9119      0.096      9.525      0.000       0.724       1.100
Israel                         0.8449      0.088      9.646      0.000       0.673       1.017
Italy                          1.0335      0.055     18.776      0.000       0.926       1.141
Jamaica                        0.6462      0.053     12.308      0.000       0.543       0.749
Japan                          0.3933      0.029     13.552      0.000       0.336       0.450
Jordan                         0.8014      0.053     15.080      0.000       0.697       0.906
Kazakhstan                     0.7248      0.078      9.252      0.000       0.571       0.878
Kenya                          0.6828      0.058     11.811      0.000       0.569       0.796
Korea, South                   1.6967      0.540      3.141      0.002       0.638       2.756
Kuwait                         0.5128      0.047     11.016      0.000       0.422       0.604
Kyrgyzstan                     0.6541      0.049     13.470      0.000       0.559       0.749
Laos                           0.7264      0.048     15.012      0.000       0.632       0.821
Latvia                         0.5949      0.047     12.716      0.000       0.503       0.687
Lebanon                        0.5780      0.049     11.907      0.000       0.483       0.673
Lesotho                        0.0001      0.027      0.005      0.996      -0.053       0.053
Liberia                        0.7005      0.093      7.546      0.000       0.519       0.883
Libya                          0.6358      0.061     10.452      0.000       0.517       0.755
Lithuania                      0.8809      0.098      9.024      0.000       0.690       1.072
Luxembourg                     0.8216      0.161      5.118      0.000       0.507       1.136
Madagascar                     0.5868      0.044     13.278      0.000       0.500       0.673
Malawi                         0.4509      0.061      7.404      0.000       0.332       0.570
Malaysia                       0.5132      0.095      5.393      0.000       0.327       0.700
Mali                           0.6782      0.047     14.384      0.000       0.586       0.771
Mauritania                     0.9818      0.101      9.714      0.000       0.784       1.180
Mauritius                      0.6783      0.056     12.177      0.000       0.569       0.787
Mexico                         0.6922      0.061     11.326      0.000       0.572       0.812
Moldova                        0.7270      0.041     17.589      0.000       0.646       0.808
Mongolia                       0.4744      0.055      8.691      0.000       0.367       0.581
Morocco                        0.8133      0.056     14.530      0.000       0.704       0.923
Mozambique                     0.4005      0.049      8.124      0.000       0.304       0.497
Namibia                        0.3243      0.044      7.428      0.000       0.239       0.410
Nepal                          0.9775      0.148      6.613      0.000       0.688       1.267
Netherlands                    0.7035      0.044     15.919      0.000       0.617       0.790
New Zealand                    1.3553      0.187      7.238      0.000       0.988       1.722
Nicaragua                      0.9024      0.919      0.982      0.326      -0.899       2.703
Niger                          0.7310      0.110      6.663      0.000       0.516       0.946
Nigeria                        0.7293      0.049     14.886      0.000       0.633       0.825
Norway                         0.7267      0.097      7.472      0.000       0.536       0.917
Oman                           0.6116      0.072      8.512      0.000       0.471       0.752
Pakistan                       1.5563      0.329      4.735      0.000       0.912       2.200
Panama                         0.7306      0.075      9.785      0.000       0.584       0.877
Papua New Guinea               0.8245      0.069     12.036      0.000       0.690       0.959
Paraguay                       0.7363      0.052     14.095      0.000       0.634       0.839
Peru                           1.0863      0.105     10.361      0.000       0.881       1.292
Philippines                    0.9674      0.082     11.737      0.000       0.806       1.129
Poland                         0.8319      0.076     10.945      0.000       0.683       0.981
Portugal                       1.0128      0.114      8.870      0.000       0.789       1.237
Qatar                          0.7838      0.175      4.486      0.000       0.441       1.126
Romania                        0.8588      0.053     16.248      0.000       0.755       0.962
Russia                         1.2488      0.065     19.156      0.000       1.121       1.377
Rwanda                         0.6572      0.047     14.059      0.000       0.566       0.749
San Marino                     0.6618      0.045     14.708      0.000       0.574       0.750
Saudi Arabia                   0.8248      0.062     13.200      0.000       0.702       0.947
Senegal                        0.6757      0.041     16.572      0.000       0.596       0.756
Serbia                         0.9568      0.061     15.768      0.000       0.838       1.076
Seychelles                     0.1880      0.050      3.761      0.000       0.090       0.286
Sierra Leone                   0.9064      0.073     12.351      0.000       0.763       1.050
Singapore                      0.2925      0.027     10.745      0.000       0.239       0.346
Slovakia                       0.5952      0.043     13.993      0.000       0.512       0.679
Slovenia                       0.5418      0.044     12.335      0.000       0.456       0.628
Somalia                        1.0562      0.239      4.417      0.000       0.588       1.525
South Africa                   0.7406      0.073     10.134      0.000       0.597       0.884
South Sudan                    0.7786      0.113      6.892      0.000       0.557       1.000
Spain                          1.3409      0.204      6.564      0.000       0.941       1.741
Sri Lanka                      0.8627      0.057     15.018      0.000       0.750       0.975
Sudan                          1.0986      0.166      6.605      0.000       0.773       1.425
Suriname                       0.3852      0.030     12.917      0.000       0.327       0.444
Sweden                         0.6063      0.109      5.550      0.000       0.392       0.820
Switzerland                    0.7554      0.078      9.697      0.000       0.603       0.908
Syria                          0.6200      0.049     12.605      0.000       0.524       0.716
Taiwan                         0.2938      0.029     10.017      0.000       0.236       0.351
Tajikistan                     0.4387      0.037     11.993      0.000       0.367       0.510
Tanzania                       0.6291      0.109      5.788      0.000       0.416       0.842
Thailand                       0.2783      0.064      4.319      0.000       0.152       0.405
Timor-Leste                    0.6809      0.070      9.693      0.000       0.543       0.819
Togo                           0.6005      0.047     12.868      0.000       0.509       0.692
Trinidad and Tobago            0.4438      0.040     11.051      0.000       0.365       0.523
Tunisia                        0.8719      0.062     13.962      0.000       0.749       0.994
Turkey                         1.0903      0.152      7.164      0.000       0.792       1.389
US                             0.9113      0.171      5.318      0.000       0.575       1.247
Uganda                         0.5838      0.043     13.705      0.000       0.500       0.667
Ukraine                        1.0815      0.107     10.110      0.000       0.872       1.291
United Arab Emirates           0.3397      0.064      5.287      0.000       0.214       0.466
United Kingdom                 0.5954      0.072      8.230      0.000       0.454       0.737
Uruguay                        0.4168      0.036     11.670      0.000       0.347       0.487
Uzbekistan                     0.7661      0.053     14.378      0.000       0.662       0.871
Venezuela                      0.5678      0.039     14.420      0.000       0.491       0.645
Vietnam                        0.3560      0.041      8.719      0.000       0.276       0.436
West Bank and Gaza             0.4982      0.061      8.177      0.000       0.379       0.618
Yemen                          0.6908      0.105      6.558      0.000       0.484       0.897
Zambia                         0.5947      0.101      5.893      0.000       0.397       0.793
Zimbabwe                       0.6738      0.057     11.825      0.000       0.562       0.786
Albania_t                     -0.0015      0.000     -7.095      0.000      -0.002      -0.001
Algeria_t                     -0.0029      0.001     -4.414      0.000      -0.004      -0.002
Andorra_t                     -0.0010      0.001     -1.311      0.190      -0.002       0.000
Angola_t                      -0.0006      0.000     -1.235      0.217      -0.001       0.000
Argentina_t                   -0.0027      0.001     -3.702      0.000      -0.004      -0.001
Austria_t                     -0.0053      0.001     -7.306      0.000      -0.007      -0.004
Azerbaijan_t                  -0.0014      0.001     -2.097      0.036      -0.003   -9.43e-05
Bahrain_t                      0.0003      0.001      0.581      0.561      -0.001       0.001
Bangladesh_t                  -0.0082      0.002     -4.357      0.000      -0.012      -0.005
Barbados_t                    -0.0014      0.000     -3.283      0.001      -0.002      -0.001
Belarus_t                     -0.0047      0.001     -3.992      0.000      -0.007      -0.002
Belgium_t                     -0.0043      0.000     -9.807      0.000      -0.005      -0.003
Belize_t                       0.0019      0.001      3.193      0.001       0.001       0.003
Benin_t                       -0.0030      0.001     -3.129      0.002      -0.005      -0.001
Bhutan_t                      -0.0032      0.001     -2.143      0.032      -0.006      -0.000
Bolivia_t                     -0.0027      0.000     -5.413      0.000      -0.004      -0.002
Bosnia and Herzegovina_t      -0.0043      0.001     -5.909      0.000      -0.006      -0.003
Botswana_t                    -0.0011      0.002     -0.739      0.460      -0.004       0.002
Brazil_t                      -0.0048      0.001     -4.021      0.000      -0.007      -0.002
Brunei_t                    8.945e-05      0.000      0.287      0.774      -0.001       0.001
Bulgaria_t                    -0.0029      0.000     -9.511      0.000      -0.004      -0.002
Burkina Faso_t                -0.0029      0.000     -6.023      0.000      -0.004      -0.002
Burma_t                       -0.0018      0.001     -2.266      0.023      -0.003      -0.000
Burundi_t                     -0.0017      0.003     -0.603      0.546      -0.007       0.004
Cabo Verde_t                  -0.0059      0.005     -1.127      0.260      -0.016       0.004
Cambodia_t                 -3.476e-06      0.001     -0.006      0.995      -0.001       0.001
Cameroon_t                    -0.0030      0.001     -2.935      0.003      -0.005      -0.001
Central African Republic_t    -0.0041      0.003     -1.229      0.219      -0.011       0.002
Chad_t                        -0.0031      0.001     -2.351      0.019      -0.006      -0.001
Chile_t                       -0.0008      0.001     -0.654      0.513      -0.003       0.002
Colombia_t                    -0.0018      0.001     -2.580      0.010      -0.003      -0.000
Congo (Brazzaville)_t         -0.0031      0.001     -3.190      0.001      -0.005      -0.001
Congo (Kinshasa)_t            -0.0011      0.000     -3.518      0.000      -0.002      -0.000
Costa Rica_t                  -0.0010      0.000     -2.128      0.033      -0.002   -7.89e-05
Cote d'Ivoire_t               -0.0026      0.001     -4.850      0.000      -0.004      -0.002
Croatia_t                      0.0002      0.001      0.111      0.911      -0.003       0.003
Cuba_t                     -2.397e-05      0.001     -0.047      0.963      -0.001       0.001
Cyprus_t                      -0.0027      0.000     -9.337      0.000      -0.003      -0.002
Czechia_t                     -0.0065      0.001     -7.161      0.000      -0.008      -0.005
Denmark_t                     -0.0030      0.002     -1.350      0.177      -0.007       0.001
Djibouti_t                    -0.0084      0.001     -7.506      0.000      -0.011      -0.006
Dominica_t                     0.0026      0.003      0.913      0.361      -0.003       0.008
Dominican Republic_t          -0.0098      0.003     -3.361      0.001      -0.016      -0.004
Ecuador_t                     -0.0097      0.003     -2.812      0.005      -0.017      -0.003
Egypt_t                       -0.0011      0.001     -1.715      0.086      -0.002       0.000
El Salvador_t                 -0.0008      0.000     -3.739      0.000      -0.001      -0.000
Eritrea_t                      0.0007      0.000      1.539      0.124      -0.000       0.002
Estonia_t                     -0.0040      0.001     -4.600      0.000      -0.006      -0.002
Eswatini_t                    -0.0017      0.001     -2.103      0.035      -0.003      -0.000
Ethiopia_t                     0.0002      0.000      0.526      0.599      -0.001       0.001
Fiji_t                        -0.0082      0.005     -1.533      0.125      -0.019       0.002
Finland_t                     -0.0057      0.002     -3.176      0.001      -0.009      -0.002
France_t                      -0.0056      0.003     -1.918      0.055      -0.011       0.000
Gabon_t                       -0.0021      0.001     -3.289      0.001      -0.003      -0.001
Gambia_t                       0.0012      0.001      1.675      0.094      -0.000       0.003
Georgia_t                     -0.0023      0.000     -6.840      0.000      -0.003      -0.002
Germany_t                     -0.0013      0.001     -1.782      0.075      -0.003       0.000
Ghana_t                       -0.0044      0.002     -2.685      0.007      -0.008      -0.001
Greece_t                      -0.0035      0.001     -5.617      0.000      -0.005      -0.002
Guatemala_t                   -0.0014      0.000     -3.681      0.000      -0.002      -0.001
Guinea_t                      -0.0034      0.000     -9.736      0.000      -0.004      -0.003
Guyana_t                      -0.0001      0.000     -0.291      0.771      -0.001       0.001
Haiti_t                       -0.0011      0.000     -2.922      0.003      -0.002      -0.000
Honduras_t                    -0.0027      0.001     -3.523      0.000      -0.004      -0.001
Hungary_t                     -0.0042      0.000    -12.427      0.000      -0.005      -0.004
Iceland_t                     -0.0004      0.001     -0.482      0.630      -0.002       0.001
India_t                       -0.0030      0.001     -4.764      0.000      -0.004      -0.002
Indonesia_t                   -0.0018      0.001     -3.226      0.001      -0.003      -0.001
Iran_t                        -0.0072      0.003     -2.267      0.023      -0.013      -0.001
Iraq_t                         0.0003      0.000      0.887      0.375      -0.000       0.001
Ireland_t                     -0.0048      0.001     -5.041      0.000      -0.007      -0.003
Israel_t                      -0.0035      0.001     -4.096      0.000      -0.005      -0.002
Italy_t                       -0.0055      0.000    -14.870      0.000      -0.006      -0.005
Jamaica_t                     -0.0020      0.000     -4.563      0.000      -0.003      -0.001
Japan_t                       -0.0010      0.000     -4.270      0.000      -0.001      -0.001
Jordan_t                      -0.0039      0.000    -11.409      0.000      -0.005      -0.003
Kazakhstan_t                  -0.0015      0.001     -1.224      0.221      -0.004       0.001
Kenya_t                       -0.0009      0.001     -1.611      0.107      -0.002       0.000
Korea, South_t                -0.0113      0.004     -2.524      0.012      -0.020      -0.003
Kuwait_t                       0.0010      0.000      2.287      0.022       0.000       0.002
Kyrgyzstan_t                  -0.0008      0.000     -1.628      0.104      -0.002       0.000
Laos_t                        -0.0056      0.001    -10.280      0.000      -0.007      -0.005
Latvia_t                      -0.0028      0.000     -6.619      0.000      -0.004      -0.002
Lebanon_t                     -0.0010      0.000     -2.650      0.008      -0.002      -0.000
Lesotho_t                      0.0062      1.356      0.005      0.996      -2.652       2.665
Liberia_t                     -0.0018      0.001     -1.798      0.072      -0.004       0.000
Libya_t                        0.0001      0.001      0.212      0.832      -0.001       0.001
Lithuania_t                   -0.0054      0.001     -5.676      0.000      -0.007      -0.004
Luxembourg_t                  -0.0043      0.002     -2.462      0.014      -0.008      -0.001
Madagascar_t                  -0.0011      0.000     -3.474      0.001      -0.002      -0.000
Malawi_t                    3.122e-05      0.001      0.044      0.965      -0.001       0.001
Malaysia_t                    -0.0007      0.001     -0.959      0.337      -0.002       0.001
Mali_t                        -0.0039      0.000     -8.002      0.000      -0.005      -0.003
Mauritania_t                  -0.0045      0.001     -4.659      0.000      -0.006      -0.003
Mauritius_t                   -0.0051      0.001     -4.277      0.000      -0.007      -0.003
Mexico_t                      -0.0003      0.001     -0.499      0.618      -0.001       0.001
Moldova_t                     -0.0024      0.000     -7.343      0.000      -0.003      -0.002
Mongolia_t                    -0.0007      0.000     -1.490      0.136      -0.002       0.000
Morocco_t                     -0.0025      0.000     -5.031      0.000      -0.003      -0.002
Mozambique_t                   0.0005      0.001      0.801      0.423      -0.001       0.002
Namibia_t                      0.0018      0.001      2.379      0.017       0.000       0.003
Nepal_t                       -0.0023      0.001     -2.271      0.023      -0.004      -0.000
Netherlands_t                 -0.0033      0.000     -8.659      0.000      -0.004      -0.003
New Zealand_t                 -0.0114      0.002     -5.413      0.000      -0.015      -0.007
Nicaragua_t                   -0.0072      0.009     -0.800      0.424      -0.025       0.010
Niger_t                       -0.0062      0.002     -4.091      0.000      -0.009      -0.003
Nigeria_t                     -0.0021      0.000     -5.249      0.000      -0.003      -0.001
Norway_t                      -0.0044      0.001     -4.436      0.000      -0.006      -0.002
Oman_t                        -0.0002      0.001     -0.256      0.798      -0.002       0.001
Pakistan_t                    -0.0113      0.003     -3.247      0.001      -0.018      -0.004
Panama_t                      -0.0018      0.001     -2.355      0.019      -0.003      -0.000
Papua New Guinea_t            -0.0093      0.001     -8.325      0.000      -0.011      -0.007
Paraguay_t                    -0.0019      0.000     -4.215      0.000      -0.003      -0.001
Peru_t                        -0.0056      0.001     -4.926      0.000      -0.008      -0.003
Philippines_t                 -0.0035      0.001     -5.853      0.000      -0.005      -0.002
Poland_t                      -0.0047      0.001     -6.058      0.000      -0.006      -0.003
Portugal_t                    -0.0063      0.001     -5.126      0.000      -0.009      -0.004
Qatar_t                       -0.0027      0.002     -1.448      0.148      -0.006       0.001
Romania_t                     -0.0044      0.000    -10.384      0.000      -0.005      -0.004
Russia_t                      -0.0061      0.001    -11.927      0.000      -0.007      -0.005
Rwanda_t                      -0.0024      0.000     -6.411      0.000      -0.003      -0.002
San Marino_t                  -0.0032      0.000     -9.719      0.000      -0.004      -0.003
Saudi Arabia_t                -0.0029      0.001     -4.974      0.000      -0.004      -0.002
Senegal_t                     -0.0022      0.000     -8.403      0.000      -0.003      -0.002
Serbia_t                      -0.0062      0.001    -11.035      0.000      -0.007      -0.005
Seychelles_t                   0.0072      0.001      5.187      0.000       0.004       0.010
Sierra Leone_t                -0.0067      0.001     -7.079      0.000      -0.009      -0.005
Singapore_t                    0.0016      0.000      5.109      0.000       0.001       0.002
Slovakia_t                    -0.0022      0.000     -6.663      0.000      -0.003      -0.002
Slovenia_t                    -0.0017      0.000     -4.252      0.000      -0.003      -0.001
Somalia_t                     -0.0085      0.003     -3.112      0.002      -0.014      -0.003
South Africa_t                -0.0017      0.001     -2.200      0.028      -0.003      -0.000
South Sudan_t                 -0.0036      0.001     -2.451      0.014      -0.006      -0.001
Spain_t                       -0.0080      0.002     -4.815      0.000      -0.011      -0.005
Sri Lanka_t                   -0.0032      0.000    -10.460      0.000      -0.004      -0.003
Sudan_t                       -0.0061      0.002     -3.279      0.001      -0.010      -0.002
Suriname_t                     0.0021      0.000      7.177      0.000       0.002       0.003
Sweden_t                      -0.0028      0.001     -2.991      0.003      -0.005      -0.001
Switzerland_t                 -0.0038      0.001     -5.070      0.000      -0.005      -0.002
Syria_t                       -0.0018      0.000     -4.247      0.000      -0.003      -0.001
Taiwan_t                      -0.0011      0.000     -4.375      0.000      -0.002      -0.001
Tajikistan_t                  -0.0004      0.001     -0.542      0.588      -0.002       0.001
Tanzania_t                    -0.0049      0.001     -3.831      0.000      -0.007      -0.002
Thailand_t                     0.0015      0.001      2.743      0.006       0.000       0.003
Timor-Leste_t                 -0.0063      0.001     -4.449      0.000      -0.009      -0.004
Togo_t                        -0.0019      0.000     -4.634      0.000      -0.003      -0.001
Trinidad and Tobago_t          0.0005      0.001      0.632      0.528      -0.001       0.002
Tunisia_t                     -0.0053      0.001     -9.492      0.000      -0.006      -0.004
Turkey_t                      -0.0076      0.002     -4.325      0.000      -0.011      -0.004
US_t                          -0.0031      0.001     -2.367      0.018      -0.006      -0.001
Uganda_t                    6.836e-05      0.000      0.209      0.835      -0.001       0.001
Ukraine_t                     -0.0065      0.001     -5.833      0.000      -0.009      -0.004
United Arab Emirates_t         0.0015      0.001      2.503      0.012       0.000       0.003
United Kingdom_t              -0.0013      0.001     -1.982      0.047      -0.003   -1.44e-05
Uruguay_t                  -1.514e-05      0.001     -0.028      0.978      -0.001       0.001
Uzbekistan_t                  -0.0025      0.000     -5.085      0.000      -0.003      -0.002
Venezuela_t                   -0.0002      0.000     -0.502      0.616      -0.001       0.000
Vietnam_t                      0.0007      0.000      1.975      0.048    5.79e-06       0.001
West Bank and Gaza_t           0.0023      0.001      2.562      0.010       0.001       0.004
Yemen_t                       -0.0043      0.002     -2.648      0.008      -0.007      -0.001
Zambia_t                      -0.0022      0.001     -2.041      0.041      -0.004   -8.62e-05
Zimbabwe_t                    -0.0015      0.001     -2.784      0.005      -0.003      -0.000
==============================================================================
Omnibus:                    30212.050   Durbin-Watson:                   1.070
Prob(Omnibus):                  0.000   Jarque-Bera (JB):         93377188.035
Skew:                          14.311   Prob(JB):                         0.00
Kurtosis:                     376.345   Cond. No.                     9.48e+18
==============================================================================

Warnings:
[1] Standard Errors are heteroscedasticity robust (HC3)
[2] The smallest eigenvalue is 9.67e-31. This might indicate that there are
strong multicollinearity problems or that the design matrix is singular.
"""





With interaction with confidence in Gov

"""
                            OLS Regression Results                            
==============================================================================
Dep. Variable:           transmission   R-squared:                       0.239
Model:                            OLS   Adj. R-squared:                  0.225
Method:                 Least Squares   F-statistic:                       nan
Date:                Sat, 11 Jul 2020   Prob (F-statistic):                nan
Time:                        15:21:25   Log-Likelihood:                -3644.2
No. Observations:                9749   AIC:                             7644.
Df Residuals:                    9571   BIC:                             8923.
Df Model:                         177                                         
Covariance Type:                  HC3                                         
======================================================================================================================
                                                         coef    std err          z      P>|z|      [0.025      0.975]
----------------------------------------------------------------------------------------------------------------------
stringency_index_5d_lag                                0.0002      0.003      0.071      0.943      -0.006       0.007
Confidence: The Government                             0.3723      0.020     18.633      0.000       0.333       0.411
stringency_index_5d_lag*Confidence: The Government    -0.0033      0.001     -2.624      0.009      -0.006      -0.001
Albania                                               -0.0465      0.038     -1.228      0.219      -0.121       0.028
Algeria                                               -0.0360      0.068     -0.529      0.597      -0.169       0.097
Andorra                                               -0.4569      0.037    -12.424      0.000      -0.529      -0.385
Angola                                              9.758e-15   7.86e-15      1.242      0.214   -5.64e-15    2.52e-14
Argentina                                              0.0591      0.068      0.871      0.384      -0.074       0.192
Austria                                            -2.643e-15   3.75e-15     -0.704      0.481      -1e-14    4.72e-15
Azerbaijan                                             0.0593      0.097      0.614      0.539      -0.130       0.249
Bahrain                                            -1.854e-14   5.95e-15     -3.119      0.002   -3.02e-14   -6.89e-15
Bangladesh                                             0.6312      0.212      2.971      0.003       0.215       1.048
Barbados                                           -2.199e-14    1.1e-14     -2.001      0.045   -4.35e-14   -4.47e-16
Belarus                                               -0.2896      0.119     -2.439      0.015      -0.522      -0.057
Belgium                                            -5.555e-15   7.81e-15     -0.711      0.477   -2.09e-14    9.75e-15
Belize                                             -2.653e-14   1.41e-14     -1.878      0.060   -5.42e-14    1.16e-15
Benin                                              -4.533e-15   6.43e-15     -0.705      0.481   -1.71e-14    8.07e-15
Bhutan                                             -2.307e-14    3.8e-15     -6.064      0.000   -3.05e-14   -1.56e-14
Bolivia                                            -1.434e-14   9.05e-15     -1.584      0.113   -3.21e-14     3.4e-15
Bosnia and Herzegovina                                 0.1384      0.059      2.335      0.020       0.022       0.255
Botswana                                           -1.435e-14    6.1e-15     -2.354      0.019   -2.63e-14    -2.4e-15
Brazil                                                 0.1615      0.104      1.547      0.122      -0.043       0.366
Brunei                                             -5.494e-15    1.8e-14     -0.305      0.760   -4.08e-14    2.98e-14
Bulgaria                                              -0.1570      0.027     -5.743      0.000      -0.211      -0.103
Burkina Faso                                          -0.0396      0.030     -1.300      0.194      -0.099       0.020
Burma                                              -1.502e-14   9.55e-15     -1.572      0.116   -3.37e-14    3.71e-15
Burundi                                            -1.725e-14    1.1e-14     -1.562      0.118   -3.89e-14    4.39e-15
Cabo Verde                                           5.37e-15   8.13e-15      0.661      0.509   -1.06e-14    2.13e-14
Cambodia                                             6.33e-15   7.19e-15      0.880      0.379   -7.77e-15    2.04e-14
Cameroon                                            -1.14e-14   1.05e-14     -1.086      0.277    -3.2e-14    9.18e-15
Central African Republic                           -3.569e-14   8.63e-15     -4.136      0.000   -5.26e-14   -1.88e-14
Chad                                               -7.975e-15   7.06e-15     -1.129      0.259   -2.18e-14    5.87e-15
Chile                                                 -0.1939      0.103     -1.886      0.059      -0.395       0.008
Colombia                                              -0.0630      0.054     -1.164      0.244      -0.169       0.043
Congo (Brazzaville)                                 1.479e-14    9.6e-15      1.541      0.123   -4.02e-15    3.36e-14
Congo (Kinshasa)                                     4.49e-15   7.92e-15      0.567      0.571    -1.1e-14       2e-14
Costa Rica                                          1.049e-14   5.58e-15      1.879      0.060   -4.51e-16    2.14e-14
Cote d'Ivoire                                       4.701e-15   6.15e-15      0.764      0.445   -7.36e-15    1.68e-14
Croatia                                               -0.1236      0.085     -1.446      0.148      -0.291       0.044
Cuba                                               -5.728e-15   3.15e-15     -1.820      0.069   -1.19e-14    4.41e-16
Cyprus                                                -0.0356      0.037     -0.972      0.331      -0.107       0.036
Czechia                                                0.1048      0.067      1.553      0.120      -0.027       0.237
Denmark                                            -1.735e-15   3.32e-15     -0.522      0.602   -8.25e-15    4.78e-15
Djibouti                                           -9.516e-15   4.27e-15     -2.228      0.026   -1.79e-14   -1.14e-15
Dominica                                           -1.018e-14   4.61e-15     -2.208      0.027   -1.92e-14   -1.14e-15
Dominican Republic                                     0.5755      0.257      2.242      0.025       0.072       1.079
Ecuador                                                0.6665      0.317      2.105      0.035       0.046       1.287
Egypt                                                 -0.2376      0.081     -2.939      0.003      -0.396      -0.079
El Salvador                                           -0.0273      0.021     -1.319      0.187      -0.068       0.013
Eritrea                                             1.727e-15    3.8e-15      0.454      0.650   -5.73e-15    9.18e-15
Estonia                                               -0.0658      0.078     -0.841      0.400      -0.219       0.087
Eswatini                                            -8.75e-15   3.41e-15     -2.564      0.010   -1.54e-14   -2.06e-15
Ethiopia                                              -0.3024      0.045     -6.773      0.000      -0.390      -0.215
Fiji                                               -4.245e-15    3.5e-15     -1.213      0.225   -1.11e-14    2.62e-15
Finland                                                0.2320      0.219      1.060      0.289      -0.197       0.661
France                                                 0.1631      0.345      0.473      0.636      -0.512       0.838
Gabon                                              -6.427e-16   4.43e-15     -0.145      0.885   -9.32e-15    8.03e-15
Gambia                                             -2.411e-14   4.02e-15     -5.998      0.000    -3.2e-14   -1.62e-14
Georgia                                                0.0013      0.055      0.023      0.982      -0.107       0.110
Germany                                               -0.3157      0.097     -3.245      0.001      -0.506      -0.125
Ghana                                                  0.0529      0.138      0.384      0.701      -0.217       0.323
Greece                                             -1.304e-14   3.98e-15     -3.276      0.001   -2.08e-14   -5.24e-15
Guatemala                                              0.0218      0.035      0.615      0.539      -0.048       0.091
Guinea                                             -1.482e-14   4.36e-15     -3.402      0.001   -2.34e-14   -6.28e-15
Guyana                                             -1.436e-14   4.52e-15     -3.176      0.001   -2.32e-14    -5.5e-15
Haiti                                                 -0.1727      0.078     -2.221      0.026      -0.325      -0.020
Honduras                                           -2.689e-16   3.31e-15     -0.081      0.935   -6.76e-15    6.22e-15
Hungary                                               -0.0819      0.061     -1.338      0.181      -0.202       0.038
Iceland                                            -4.109e-15   4.46e-15     -0.921      0.357   -1.29e-14    4.63e-15
India                                                  0.2000      0.092      2.170      0.030       0.019       0.381
Indonesia                                             -0.1833      0.054     -3.402      0.001      -0.289      -0.078
Iran                                                   0.2643      0.296      0.892      0.372      -0.317       0.845
Iraq                                                  -0.1475      0.042     -3.483      0.000      -0.231      -0.064
Ireland                                            -7.539e-15   4.45e-15     -1.692      0.091   -1.63e-14    1.19e-15
Israel                                             -1.875e-14   5.68e-15     -3.301      0.001   -2.99e-14   -7.62e-15
Italy                                                  0.3378      0.044      7.617      0.000       0.251       0.425
Jamaica                                             6.219e-15   3.88e-15      1.601      0.109   -1.39e-15    1.38e-14
Japan                                                 -0.5572      0.047    -11.747      0.000      -0.650      -0.464
Jordan                                                 0.1633      0.058      2.836      0.005       0.050       0.276
Kazakhstan                                             0.0407      0.098      0.417      0.677      -0.151       0.232
Kenya                                              -6.181e-15   3.99e-15     -1.547      0.122    -1.4e-14    1.65e-15
Korea, South                                           0.8752      0.523      1.674      0.094      -0.150       1.900
Kuwait                                                -0.2062      0.065     -3.180      0.001      -0.333      -0.079
Kyrgyzstan                                            -0.0393      0.042     -0.928      0.353      -0.122       0.044
Laos                                                1.406e-15   5.07e-15      0.278      0.781   -8.52e-15    1.13e-14
Latvia                                                -0.2147      0.039     -5.545      0.000      -0.291      -0.139
Lebanon                                               -0.2593      0.057     -4.548      0.000      -0.371      -0.148
Lesotho                                            -1.294e-14   6.28e-15     -2.062      0.039   -2.52e-14    -6.4e-16
Liberia                                             -8.29e-15   3.25e-15     -2.554      0.011   -1.47e-14   -1.93e-15
Libya                                                 -0.0912      0.063     -1.450      0.147      -0.214       0.032
Lithuania                                              0.1901      0.086      2.203      0.028       0.021       0.359
Luxembourg                                          4.054e-15   5.42e-15      0.747      0.455   -6.58e-15    1.47e-14
Madagascar                                         -3.379e-14   7.22e-15     -4.681      0.000   -4.79e-14   -1.96e-14
Malawi                                              8.193e-15   2.07e-15      3.958      0.000    4.14e-15    1.23e-14
Malaysia                                              -0.2405      0.102     -2.358      0.018      -0.441      -0.041
Mali                                                  -0.0132      0.072     -0.183      0.855      -0.155       0.129
Mauritania                                          1.254e-14    4.2e-15      2.985      0.003    4.31e-15    2.08e-14
Mauritius                                           6.928e-15   3.64e-15      1.903      0.057   -2.08e-16    1.41e-14
Mexico                                                -0.1857      0.066     -2.800      0.005      -0.316      -0.056
Moldova                                               -0.0503      0.038     -1.335      0.182      -0.124       0.024
Mongolia                                            6.367e-15    5.8e-15      1.098      0.272      -5e-15    1.77e-14
Morocco                                                0.1192      0.046      2.619      0.009       0.030       0.208
Mozambique                                         -1.885e-15   5.09e-15     -0.370      0.711   -1.19e-14     8.1e-15
Namibia                                            -1.854e-14   4.77e-15     -3.885      0.000   -2.79e-14   -9.19e-15
Nepal                                              -5.304e-17   4.38e-16     -0.121      0.904   -9.12e-16    8.06e-16
Netherlands                                           -0.1229      0.043     -2.833      0.005      -0.208      -0.038
New Zealand                                            0.6562      0.171      3.832      0.000       0.321       0.992
Nicaragua                                           1.972e-15   8.53e-16      2.312      0.021       3e-16    3.64e-15
Niger                                               2.038e-16    6.9e-16      0.296      0.768   -1.15e-15    1.56e-15
Nigeria                                               -0.0530      0.043     -1.247      0.212      -0.136       0.030
Norway                                                -0.0375      0.088     -0.426      0.670      -0.210       0.135
Oman                                               -1.429e-15   5.92e-16     -2.414      0.016   -2.59e-15   -2.69e-16
Pakistan                                               0.7736      0.308      2.511      0.012       0.170       1.377
Panama                                              2.577e-16   7.43e-17      3.468      0.001    1.12e-16    4.03e-16
Papua New Guinea                                    1.158e-17   6.44e-17      0.180      0.857   -1.15e-16    1.38e-16
Paraguay                                            3.132e-16   9.15e-17      3.422      0.001    1.34e-16    4.93e-16
Peru                                                   0.3317      0.106      3.133      0.002       0.124       0.539
Philippines                                            0.2870      0.088      3.265      0.001       0.115       0.459
Poland                                                 0.0130      0.074      0.174      0.862      -0.133       0.159
Portugal                                            -9.13e-17   4.45e-17     -2.051      0.040   -1.79e-16   -4.03e-18
Qatar                                                  0.1408      0.226      0.622      0.534      -0.303       0.584
Romania                                                0.0862      0.068      1.273      0.203      -0.046       0.219
Russia                                                 0.4675      0.052      8.989      0.000       0.366       0.569
Rwanda                                                -0.0223      0.063     -0.356      0.722      -0.145       0.100
San Marino                                         -1.169e-16   5.18e-17     -2.258      0.024   -2.18e-16   -1.54e-17
Saudi Arabia                                        4.014e-17   5.93e-17      0.677      0.498   -7.61e-17    1.56e-16
Senegal                                             1.356e-16   4.59e-17      2.955      0.003    4.56e-17    2.26e-16
Serbia                                                 0.3531      0.065      5.472      0.000       0.227       0.480
Seychelles                                         -1.523e-16   4.94e-17     -3.082      0.002   -2.49e-16   -5.54e-17
Sierra Leone                                        1.626e-16   8.03e-17      2.025      0.043     5.2e-18     3.2e-16
Singapore                                             -0.4374      0.046     -9.545      0.000      -0.527      -0.348
Slovakia                                              -0.1439      0.027     -5.362      0.000      -0.196      -0.091
Slovenia                                              -0.2288      0.091     -2.519      0.012      -0.407      -0.051
Somalia                                             3.822e-17   7.04e-17      0.543      0.587   -9.97e-17    1.76e-16
South Africa                                          -0.0226      0.062     -0.366      0.714      -0.144       0.098
South Sudan                                        -1.378e-16   4.38e-17     -3.148      0.002   -2.24e-16    -5.2e-17
Spain                                                  0.4970      0.192      2.591      0.010       0.121       0.873
Sri Lanka                                           5.457e-17    4.5e-17      1.212      0.226   -3.37e-17    1.43e-16
Sudan                                              -4.141e-16   6.78e-17     -6.110      0.000   -5.47e-16   -2.81e-16
Suriname                                           -8.954e-17   4.12e-17     -2.174      0.030    -1.7e-16   -8.83e-18
Sweden                                                -0.2539      0.110     -2.312      0.021      -0.469      -0.039
Switzerland                                            0.0148      0.079      0.189      0.850      -0.139       0.169
Syria                                               1.783e-16   6.07e-17      2.937      0.003    5.93e-17    2.97e-16
Taiwan                                                -0.5981      0.045    -13.357      0.000      -0.686      -0.510
Tajikistan                                         -1.156e-16   3.96e-17     -2.919      0.004   -1.93e-16    -3.8e-17
Tanzania                                              -0.0103      0.128     -0.081      0.936      -0.261       0.240
Thailand                                              -0.6306      0.082     -7.676      0.000      -0.792      -0.470
Timor-Leste                                         6.773e-19   1.96e-17      0.035      0.972   -3.78e-17    3.91e-17
Togo                                                -5.34e-17   3.58e-17     -1.491      0.136   -1.24e-16    1.68e-17
Trinidad and Tobago                                   -0.3150      0.031    -10.248      0.000      -0.375      -0.255
Tunisia                                                0.1890      0.091      2.070      0.038       0.010       0.368
Turkey                                                 0.3670      0.151      2.429      0.015       0.071       0.663
US                                                    -0.0964      0.172     -0.560      0.576      -0.434       0.241
Uganda                                                -0.0829      0.099     -0.841      0.401      -0.276       0.110
Ukraine                                                0.3914      0.108      3.608      0.000       0.179       0.604
United Arab Emirates                                1.371e-16   3.51e-17      3.901      0.000    6.82e-17    2.06e-16
United Kingdom                                        -0.4176      0.086     -4.855      0.000      -0.586      -0.249
Uruguay                                               -0.3343      0.039     -8.673      0.000      -0.410      -0.259
Uzbekistan                                             0.1304      0.171      0.762      0.446      -0.205       0.466
Venezuela                                             -0.1559      0.036     -4.360      0.000      -0.226      -0.086
Vietnam                                               -0.2001      0.104     -1.920      0.055      -0.404       0.004
West Bank and Gaza                                    -0.2232      0.050     -4.421      0.000      -0.322      -0.124
Yemen                                                 -0.1903      0.105     -1.809      0.070      -0.397       0.016
Zambia                                                -0.2058      0.104     -1.981      0.048      -0.409      -0.002
Zimbabwe                                              -0.0215      0.050     -0.428      0.668      -0.120       0.077
Albania_t                                             -0.0019      0.000     -8.198      0.000      -0.002      -0.001
Algeria_t                                             -0.0024      0.001     -3.477      0.001      -0.004      -0.001
Andorra_t                                             -0.0013      0.001     -1.816      0.069      -0.003       0.000
Angola_t                                            2.042e-17    3.4e-17      0.600      0.548   -4.62e-17    8.71e-17
Argentina_t                                           -0.0023      0.001     -3.112      0.002      -0.004      -0.001
Austria_t                                           3.295e-17   2.04e-17      1.617      0.106   -6.98e-18    7.29e-17
Azerbaijan_t                                          -0.0014      0.001     -1.988      0.047      -0.003   -1.96e-05
Bahrain_t                                          -1.548e-16   2.84e-17     -5.441      0.000   -2.11e-16    -9.9e-17
Bangladesh_t                                          -0.0082      0.002     -4.273      0.000      -0.012      -0.004
Barbados_t                                         -1.251e-16   2.82e-17     -4.438      0.000    -1.8e-16   -6.98e-17
Belarus_t                                             -0.0046      0.001     -3.881      0.000      -0.007      -0.002
Belgium_t                                           -8.05e-18   2.85e-17     -0.282      0.778    -6.4e-17    4.79e-17
Belize_t                                           -1.401e-17   1.64e-17     -0.853      0.394   -4.62e-17    1.82e-17
Benin_t                                            -8.062e-17   2.32e-17     -3.472      0.001   -1.26e-16   -3.51e-17
Bhutan_t                                            -1.37e-16   5.93e-17     -2.311      0.021   -2.53e-16   -2.08e-17
Bolivia_t                                           1.992e-18   4.64e-19      4.291      0.000    1.08e-18     2.9e-18
Bosnia and Herzegovina_t                              -0.0057      0.001     -8.003      0.000      -0.007      -0.004
Botswana_t                                                  0          0        nan        nan           0           0
Brazil_t                                              -0.0041      0.001     -3.698      0.000      -0.006      -0.002
Brunei_t                                                    0          0        nan        nan           0           0
Bulgaria_t                                            -0.0043      0.000    -12.506      0.000      -0.005      -0.004
Burkina Faso_t                                        -0.0041      0.001     -7.916      0.000      -0.005      -0.003
Burma_t                                                     0          0        nan        nan           0           0
Burundi_t                                                   0          0        nan        nan           0           0
Cabo Verde_t                                                0          0        nan        nan           0           0
Cambodia_t                                                  0          0        nan        nan           0           0
Cameroon_t                                                  0          0        nan        nan           0           0
Central African Republic_t                                  0          0        nan        nan           0           0
Chad_t                                                      0          0        nan        nan           0           0
Chile_t                                             6.469e-05      0.001      0.052      0.958      -0.002       0.002
Colombia_t                                            -0.0013      0.001     -1.928      0.054      -0.003    2.05e-05
Congo (Brazzaville)_t                                       0          0        nan        nan           0           0
Congo (Kinshasa)_t                                          0          0        nan        nan           0           0
Costa Rica_t                                                0          0        nan        nan           0           0
Cote d'Ivoire_t                                             0          0        nan        nan           0           0
Croatia_t                                             -0.0004      0.001     -0.290      0.772      -0.003       0.002
Cuba_t                                                      0          0        nan        nan           0           0
Cyprus_t                                              -0.0034      0.000     -8.039      0.000      -0.004      -0.003
Czechia_t                                             -0.0078      0.001     -9.774      0.000      -0.009      -0.006
Denmark_t                                                   0          0        nan        nan           0           0
Djibouti_t                                                  0          0        nan        nan           0           0
Dominica_t                                                  0          0        nan        nan           0           0
Dominican Republic_t                                  -0.0092      0.003     -3.453      0.001      -0.014      -0.004
Ecuador_t                                             -0.0092      0.003     -2.657      0.008      -0.016      -0.002
Egypt_t                                               -0.0002      0.001     -0.242      0.809      -0.002       0.001
El Salvador_t                                         -0.0007      0.000     -3.134      0.002      -0.001      -0.000
Eritrea_t                                                   0          0        nan        nan           0           0
Estonia_t                                             -0.0048      0.001     -5.674      0.000      -0.006      -0.003
Eswatini_t                                                  0          0        nan        nan           0           0
Ethiopia_t                                             0.0009      0.000      1.910      0.056   -2.44e-05       0.002
Fiji_t                                                      0          0        nan        nan           0           0
Finland_t                                             -0.0060      0.002     -3.353      0.001      -0.009      -0.002
France_t                                              -0.0038      0.003     -1.346      0.178      -0.009       0.002
Gabon_t                                                     0          0        nan        nan           0           0
Gambia_t                                                    0          0        nan        nan           0           0
Georgia_t                                             -0.0031      0.001     -5.670      0.000      -0.004      -0.002
Germany_t                                             -0.0007      0.001     -0.950      0.342      -0.002       0.001
Ghana_t                                               -0.0048      0.002     -2.893      0.004      -0.008      -0.002
Greece_t                                                    0          0        nan        nan           0           0
Guatemala_t                                           -0.0013      0.000     -3.393      0.001      -0.002      -0.001
Guinea_t                                                    0          0        nan        nan           0           0
Guyana_t                                                    0          0        nan        nan           0           0
Haiti_t                                               -0.0016      0.000     -3.448      0.001      -0.003      -0.001
Honduras_t                                                  0          0        nan        nan           0           0
Hungary_t                                             -0.0050      0.000    -14.735      0.000      -0.006      -0.004
Iceland_t                                                   0          0        nan        nan           0           0
India_t                                               -0.0029      0.001     -3.872      0.000      -0.004      -0.001
Indonesia_t                                           -0.0013      0.001     -2.364      0.018      -0.002      -0.000
Iran_t                                                -0.0071      0.003     -2.258      0.024      -0.013      -0.001
Iraq_t                                                 0.0008      0.000      1.809      0.070   -6.67e-05       0.002
Ireland_t                                                   0          0        nan        nan           0           0
Israel_t                                                    0          0        nan        nan           0           0
Italy_t                                               -0.0067      0.000    -18.214      0.000      -0.007      -0.006
Jamaica_t                                                   0          0        nan        nan           0           0
Japan_t                                               -0.0009      0.000     -3.239      0.001      -0.001      -0.000
Jordan_t                                              -0.0051      0.000    -10.959      0.000      -0.006      -0.004
Kazakhstan_t                                          -0.0016      0.001     -1.286      0.198      -0.004       0.001
Kenya_t                                                     0          0        nan        nan           0           0
Korea, South_t                                        -0.0112      0.004     -2.513      0.012      -0.020      -0.002
Kuwait_t                                               0.0014      0.001      2.566      0.010       0.000       0.002
Kyrgyzstan_t                                          -0.0013      0.000     -2.614      0.009      -0.002      -0.000
Laos_t                                                      0          0        nan        nan           0           0
Latvia_t                                              -0.0032      0.000     -8.215      0.000      -0.004      -0.002
Lebanon_t                                             -0.0008      0.000     -1.755      0.079      -0.002    9.14e-05
Lesotho_t                                                   0          0        nan        nan           0           0
Liberia_t                                                   0          0        nan        nan           0           0
Libya_t                                             8.923e-05      0.001      0.140      0.889      -0.001       0.001
Lithuania_t                                           -0.0067      0.001     -7.035      0.000      -0.009      -0.005
Luxembourg_t                                                0          0        nan        nan           0           0
Madagascar_t                                                0          0        nan        nan           0           0
Malawi_t                                                    0          0        nan        nan           0           0
Malaysia_t                                            -0.0004      0.001     -0.527      0.598      -0.002       0.001
Mali_t                                                -0.0041      0.001     -7.705      0.000      -0.005      -0.003
Mauritania_t                                                0          0        nan        nan           0           0
Mauritius_t                                                 0          0        nan        nan           0           0
Mexico_t                                               0.0007      0.001      1.055      0.291      -0.001       0.002
Moldova_t                                             -0.0024      0.000     -6.475      0.000      -0.003      -0.002
Mongolia_t                                                  0          0        nan        nan           0           0
Morocco_t                                             -0.0029      0.000     -5.794      0.000      -0.004      -0.002
Mozambique_t                                                0          0        nan        nan           0           0
Namibia_t                                                   0          0        nan        nan           0           0
Nepal_t                                                     0          0        nan        nan           0           0
Netherlands_t                                         -0.0032      0.000     -7.525      0.000      -0.004      -0.002
New Zealand_t                                         -0.0126      0.002     -6.234      0.000      -0.017      -0.009
Nicaragua_t                                                 0          0        nan        nan           0           0
Niger_t                                                     0          0        nan        nan           0           0
Nigeria_t                                             -0.0019      0.000     -4.702      0.000      -0.003      -0.001
Norway_t                                              -0.0048      0.001     -5.150      0.000      -0.007      -0.003
Oman_t                                                      0          0        nan        nan           0           0
Pakistan_t                                            -0.0112      0.003     -3.350      0.001      -0.018      -0.005
Panama_t                                                    0          0        nan        nan           0           0
Papua New Guinea_t                                          0          0        nan        nan           0           0
Paraguay_t                                                  0          0        nan        nan           0           0
Peru_t                                                -0.0056      0.001     -5.239      0.000      -0.008      -0.003
Philippines_t                                         -0.0037      0.001     -5.653      0.000      -0.005      -0.002
Poland_t                                              -0.0052      0.001     -7.393      0.000      -0.007      -0.004
Portugal_t                                                  0          0        nan        nan           0           0
Qatar_t                                               -0.0028      0.002     -1.604      0.109      -0.006       0.001
Romania_t                                             -0.0054      0.000    -11.563      0.000      -0.006      -0.005
Russia_t                                              -0.0059      0.000    -13.575      0.000      -0.007      -0.005
Rwanda_t                                              -0.0030      0.000     -6.631      0.000      -0.004      -0.002
San Marino_t                                                0          0        nan        nan           0           0
Saudi Arabia_t                                              0          0        nan        nan           0           0
Senegal_t                                                   0          0        nan        nan           0           0
Serbia_t                                              -0.0095      0.001    -12.208      0.000      -0.011      -0.008
Seychelles_t                                                0          0        nan        nan           0           0
Sierra Leone_t                                              0          0        nan        nan           0           0
Singapore_t                                            0.0020      0.001      3.698      0.000       0.001       0.003
Slovakia_t                                            -0.0030      0.000     -8.703      0.000      -0.004      -0.002
Slovenia_t                                            -0.0041      0.001     -4.973      0.000      -0.006      -0.002
Somalia_t                                                   0          0        nan        nan           0           0
South Africa_t                                        -0.0015      0.001     -2.081      0.037      -0.003    -8.5e-05
South Sudan_t                                               0          0        nan        nan           0           0
Spain_t                                               -0.0081      0.002     -5.236      0.000      -0.011      -0.005
Sri Lanka_t                                                 0          0        nan        nan           0           0
Sudan_t                                                     0          0        nan        nan           0           0
Suriname_t                                                  0          0        nan        nan           0           0
Sweden_t                                              -0.0023      0.001     -2.583      0.010      -0.004      -0.001
Switzerland_t                                         -0.0040      0.001     -5.546      0.000      -0.005      -0.003
Syria_t                                                     0          0        nan        nan           0           0
Taiwan_t                                              -0.0012      0.000     -4.917      0.000      -0.002      -0.001
Tajikistan_t                                                0          0        nan        nan           0           0
Tanzania_t                                            -0.0048      0.001     -3.701      0.000      -0.007      -0.002
Thailand_t                                             0.0026      0.001      4.252      0.000       0.001       0.004
Timor-Leste_t                                               0          0        nan        nan           0           0
Togo_t                                                      0          0        nan        nan           0           0
Trinidad and Tobago_t                                  0.0002      0.001      0.241      0.810      -0.001       0.002
Tunisia_t                                             -0.0078      0.001     -9.549      0.000      -0.009      -0.006
Turkey_t                                              -0.0077      0.002     -4.482      0.000      -0.011      -0.004
US_t                                                  -0.0015      0.001     -1.081      0.280      -0.004       0.001
Uganda_t                                            4.172e-05      0.000      0.119      0.905      -0.001       0.001
Ukraine_t                                             -0.0077      0.001     -7.093      0.000      -0.010      -0.006
United Arab Emirates_t                                      0          0        nan        nan           0           0
United Kingdom_t                                       0.0005      0.001      0.704      0.482      -0.001       0.002
Uruguay_t                                             -0.0002      0.001     -0.428      0.669      -0.001       0.001
Uzbekistan_t                                          -0.0021      0.001     -3.536      0.000      -0.003      -0.001
Venezuela_t                                           -0.0002      0.000     -0.640      0.522      -0.001       0.000
Vietnam_t                                              0.0005      0.000      1.313      0.189      -0.000       0.001
West Bank and Gaza_t                                   0.0021      0.001      2.314      0.021       0.000       0.004
Yemen_t                                               -0.0041      0.002     -2.543      0.011      -0.007      -0.001
Zambia_t                                              -0.0026      0.001     -2.386      0.017      -0.005      -0.000
Zimbabwe_t                                            -0.0021      0.001     -3.626      0.000      -0.003      -0.001
==============================================================================
Omnibus:                    18112.239   Durbin-Watson:                   0.881
Prob(Omnibus):                  0.000   Jarque-Bera (JB):         48321327.406
Skew:                          13.764   Prob(JB):                         0.00
Kurtosis:                     346.801   Cond. No.                     1.60e+17
==============================================================================

Warnings:
[1] Standard Errors are heteroscedasticity robust (HC3)
[2] The smallest eigenvalue is 1.58e-26. This might indicate that there are
strong multicollinearity problems or that the design matrix is singular.
"""


Without Fixed Effects or country trends

"""
                            OLS Regression Results                            
==============================================================================
Dep. Variable:           transmission   R-squared:                       0.146
Model:                            OLS   Adj. R-squared:                  0.146
Method:                 Least Squares   F-statistic:                     801.1
Date:                Sat, 11 Jul 2020   Prob (F-statistic):               0.00
Time:                        15:25:16   Log-Likelihood:                -4784.2
No. Observations:                9749   AIC:                             9574.
Df Residuals:                    9746   BIC:                             9596.
Df Model:                           3                                         
Covariance Type:                  HC3                                         
======================================================================================================================
                                                         coef    std err          z      P>|z|      [0.025      0.975]
----------------------------------------------------------------------------------------------------------------------
stringency_index_5d_lag                                0.0014      0.000      7.482      0.000       0.001       0.002
Confidence: The Government                             0.1451      0.010     14.781      0.000       0.126       0.164
stringency_index_5d_lag*Confidence: The Government    -0.0018      0.000    -14.085      0.000      -0.002      -0.002
==============================================================================
Omnibus:                    17962.538   Durbin-Watson:                   0.712
Prob(Omnibus):                  0.000   Jarque-Bera (JB):         38037156.958
Skew:                          13.622   Prob(JB):                         0.00
Kurtosis:                     307.791   Cond. No.                         250.
==============================================================================

Warnings:
[1] Standard Errors are heteroscedasticity robust (HC3)
"""
